=== Random Forest ===
              precision    recall  f1-score   support

         0.0       0.96      0.99      0.98       380
 2.065891626       0.40      0.15      0.22        13
 2.882418695       0.25      0.33      0.29         3
 3.400644461       0.00      0.00      0.00         1
 3.781119041       0.00      0.00      0.00         0
 4.330670226       0.00      0.00      0.00         0
 5.038667335       0.00      0.00      0.00         1
  5.40701433       0.00      0.00      0.00         1
 6.814325222       0.00      0.00      0.00         1

    accuracy                           0.95       400
   macro avg       0.18      0.16      0.17       400
weighted avg       0.93      0.95      0.94       400


=== Logistic Regression ===
              precision    recall  f1-score   support

         0.0       0.96      1.00      0.98       380
 2.065891626       1.00      0.08      0.14        13
 2.882418695       0.33      0.33      0.33         3
 3.400644461       0.00      0.00      0.00         1
 3.781119041       0.00      0.00      0.00         0
 4.330670226       0.00      0.00      0.00         0
 5.038667335       0.00      0.00      0.00         1
  5.40701433       0.00      0.00      0.00         1
 6.814325222       0.00      0.00      0.00         1

    accuracy                           0.95       400
   macro avg       0.26      0.16      0.16       400
weighted avg       0.95      0.95      0.94       400

